69319677, 
69320157, 
69320173, 
69320343, 
69320594, 
69320948, 
69321026, 
69321470, 
69321762, 
69321919, 
69322038, 
69322173, 
69322225, 
69322236, 
69322309, 
69322334, 
69322347, 
69322742, 
69322929, 
69322977, 
69323015, 
69323150, 
69323287, 
69323324, 
69323461, 
69323803, 
69323896, 
69324197, 
69324243, 
69324528, 
69324543, 
69324825, 
69324997, 
69325037, 
69325137, 
69325272, 
69325625, 
69325727, 
69325804, 
69325899, 
69325916, 
69326014, 
69326052, 
69326133, 
69326144, 
69326189, 
69326255, 
69326328, 
69326349, 
69326475, 
69326617, 
69326663, 
69326667, 
69326731, 
69326796, 
69327007, 
69327098, 
69327202, 
69327267, 
69327619, 
69327784, 
69327796, 
69327994, 
69328229, 
69328567, 
69328588, 
69328763, 
69328881, 
69329340, 
69329442, 
69329592, 
69329780, 
69329788, 
69329881, 
69330224, 
69330473, 
69330538, 
69330553, 
69330652, 
69330681, 
69330687, 
69331047, 
69331227, 
69331305, 
69331606, 
69331820, 
69331895, 
69332047, 
69332108, 
69332214, 
69332235, 
69332293, 
69332386, 
69332451, 
69332452, 
69332514, 
69332561, 
69332998, 
69333202, 
69333595, 
69333650, 
69333741, 
69333841, 
69333870, 
69334075, 
69334237, 
69334331, 
69334472, 
69334520, 
69334802, 
69334859, 
69334987, 
69335014, 
69335110, 
69335181, 
69335560, 
69335761, 
69336058, 
69336531, 
69336615, 
69336622, 
69336822, 
69336836, 
69337398, 
69337555, 
69338089, 
69338237, 
69338323, 
69338634, 
69338746, 
69338860, 
69339095, 
69339110, 
69339820, 
69339834, 
69339881, 
69340012, 
69340082, 
69340398, 
69340802, 
69340980, 
69341472, 
69341510, 
69341532, 
69341577, 
69341835, 
69341847, 
69341923, 
69342286, 
69342423, 
69342613, 
69342727, 
69343192, 
69343299, 
69343354, 
69343376, 
69343459, 
69343481, 
69343580, 
69343582, 
69343609, 
69343749, 
69343825, 
69344090, 
69344252, 
69344289, 
69344297, 
69344310, 
69344336, 
69344801, 
69344825, 
69344957, 
69345022, 
69345751, 
69345814, 
69346198, 
69346291, 
69346306, 
69346439, 
69347008, 
69347046, 
69347135, 
69347470, 
69347472, 
69347534, 
69347567, 
69347665, 
69347908, 
69347918, 
69347969, 
69348588, 
69348862, 
69348883, 
69348981, 
69349043, 
69349135, 
69349200, 
69349224, 
69349605, 
69349826, 
69349999, 
69350244, 
69350397, 
69350549, 
69350613, 
69350614, 
69350733, 
69351035, 
69351118, 
69351490, 
69351637, 
69351743, 
69351857, 
69351945, 
69352052, 
69352371, 
69352423, 
69352668, 
69352928, 
69353027, 
69353152, 
69353543, 
69353633, 
69353637, 
69353655, 
69353922, 
69353961, 
69354617, 
69354905, 
69355010, 
69355224, 
69355815, 
69355860, 
69355884, 
69355960, 
69355991, 
69356464, 
69356469, 
69356484, 
69356657, 
69356709, 
69356955, 
69356990, 
69357237, 
69357269, 
69357572, 
69357861, 
69358246, 
69358589, 
69358644, 
69359141, 
69359212, 
69359767, 
69360009, 
69360315, 
69360962, 
69361208, 
69361313, 
69361338, 
69362444, 
69362602, 
69363426, 
69363955, 
69364004, 
69364240, 
69364825, 
69365130, 
69365159, 
69365411, 
69365532, 
69365628, 
69365681, 
69365700, 
69365867, 
69365884, 
69365986, 
69366603, 
69366776, 
69367153, 
69367198, 
69367251, 
69367288, 
69367304, 
69367308, 
69367320, 
69367464, 
69367504, 
69367795, 
69367972, 
69368047, 
69368848, 
69369646, 
69370071, 
69370158, 
69371522, 
69371817, 
69372092, 
69372531, 
69373194, 
69374916, 
69375162, 
69375293, 
69375745, 
69375845, 
69375903, 
69376287, 
69376504, 
69376983, 
69377318, 
69377663, 
69377758, 
69377910, 
69378100, 
69378656, 
69378822, 
69379512, 
69380023, 
69380338, 
69380439, 
69380555, 
69380795, 
69381092, 
69381199, 
69381646, 
69381802, 
69383594, 
69383719, 
69384516, 
69384564, 
69385297, 
69385461, 
69385670, 
69386023, 
69386366, 
69386753, 
69387188, 
69387545, 
69388114, 
69388792, 
69388877, 
69389229, 
69389289, 
69389405, 
69389918, 
69390342, 
69390474, 
69390802, 
69391380, 
69393649, 
69393699, 
69394540, 
69395074, 
69395348, 
69395573, 
69395632, 
69395805, 
69395815, 
69395892, 
69396055, 
69396161, 
69396351, 
69396608, 
69397367, 
69397597, 
69398037, 
69398138, 
69399062, 
69401562, 
69404945, 
69405081, 
69405469, 
69406322, 
69406380, 
69407462, 
69409266, 
69409470, 
69409817, 
69410021, 
69410111, 
69410136, 
69410170, 
69410332, 
69410648, 
69410718, 
69411072, 
69411121, 
69412079, 
69413494, 
69415331, 
69415415, 
69415944, 
69416326, 
69416659, 
69417876, 
69418002, 
69418045, 
69418522, 
69418795, 
69418836, 
69418891, 
69418954, 
69419300, 
69419403, 
69419418, 
69419487, 
69419732, 
69420105, 
69420405, 
69421433, 
69421484, 
69422169, 
69422461, 
69422530, 
69422543, 
69422786, 
69423408, 
69424666, 
69425769, 
69427068, 
69427369, 
69427591, 
69428186, 
69428326, 
69428738, 
69429701, 
69430339, 
69430773, 
69431348, 
69433074, 
69433147, 
69433302, 
69434258, 
69435161, 
69435301, 
69435947, 
69435982, 
69436139, 
69436182, 
69436684, 
69436741, 
69437640, 
69438713, 
69439017, 
69439116, 
69439301, 
69439517, 
69439620, 
69439623, 
69440355, 
69441217, 
69441379, 
69441842, 
69442217, 
69442397, 
69442560, 
69442578, 
69442773, 
69442806, 
69443014, 
69443134, 
69443286, 
69443631, 
69443981, 
69444224, 
69445125, 
69445146, 
69445180, 
69445237, 
69445613, 
69445820, 
69445939, 
69446217, 
69446856, 
69449747, 
69450008, 
69451101, 
69451284, 
69451318, 
69452089, 
69452264, 
69453102, 
69453199, 
69454078, 
69454381, 
69455479, 
69455910, 
69456824, 
69457052, 
69457098, 
69458312, 
69460168, 
69461275, 
69464691, 
69465870, 
69466838, 
69467112, 
69467230, 
69467828, 
69468502, 
69469025, 
69469293, 
69469627, 
69471079, 
69472357, 
69472677, 
69472895, 
69473000, 
69473921, 
69474047, 
69474783, 
69476074, 
69476856, 
69477819, 
69477839, 
69478301, 
69479283, 
69479945, 
69479949, 
69479989, 
69480069, 
69482425, 
69482453, 
69483165, 
69483449, 
69483882, 
69483964, 
69484038, 
69484506, 
69485012, 
69485335, 
69486038, 
69487642, 
69488568, 
69490225, 
69490275, 
69491571, 
69492835, 
69496104, 
69496232, 
69499072, 
69499739, 
69499859, 
69499922, 
69500081, 
69500516, 
69500951, 
69501610, 
69501612, 
69502906, 
69503552, 
69503851, 
69504852, 
69507381, 
69507443, 
69507736, 
69508769, 
69510245, 
69511000, 
69512721, 
69513390, 
69513529, 
69514104, 
69514554, 
69514611, 
69515636, 
69518663, 
69519928, 
69519952, 
69520017, 
69522056, 
69522533, 
69523044, 
69523242, 
69524824, 
69525060, 
69525392, 
69526275, 
69528421, 
69528655, 
69533592, 
69533915, 
69534001, 
69534389, 
69537203, 
69538279, 
69538585, 
69540649, 
69542800, 
69545617, 
69546427, 
69548960, 
69548983, 
69549046, 
69549204, 
69549349, 
69549493, 
69549626, 
69549838, 
69549975, 
69550218, 
69550651, 
69551037, 
69556742, 
69556797, 
69559218, 
69559987, 
69560577, 
69560798, 
69561707, 
69561940, 
69563378, 
69563529, 
69563850, 
69565556, 
69566440, 
69567188, 
69567921, 
69568090, 
69569670, 
69571267, 
69573563, 
69574287, 
69576825, 
69577826, 
69583227, 
69585530, 
69586995, 
69588221, 
69588965, 
69594316, 
69594486, 
69595795, 
69595873, 
69598237, 
69598630, 
69598868, 
69599555, 
69602429, 
69604303, 
69605156, 
69606717, 
69607320, 
69607711, 
69607784, 
69608037, 
69608398, 
69610000, 
69610431, 
69611784, 
69613436, 
69613523, 
69614086, 
69614188, 
69616090, 
69618364, 
69619604, 
69622694, 
69622985, 
69623555, 
69623575, 
69623907, 
69624637, 
69624707, 
69624958, 
69625066, 
69625319, 
69625475, 
69626154, 
69627315, 
69629060, 
69631594, 
69634673, 
69635477, 
69635749, 
69637704, 
69645886, 
69645911, 
69646163, 
69646327, 
69648418, 
69649468, 
69651867, 
69652247, 
69652694, 
69652931, 
69653835, 
69661540, 
69667857, 
69667862, 
69667864, 
69667873, 
69668043, 
69668152, 
69668525, 
69668798, 
69668990, 
69669410, 
69670436, 
69671126, 
69671247, 
69671652, 
69671914, 
69672063, 
69672423, 
69672579, 
69672641, 
69672932, 
69674158, 
69674212, 
69674250, 
69674287, 
69674364, 
69674779, 
69674983, 
69675164, 
69675445, 
69676203, 
69676290, 
69676941, 
69679482, 
69682492, 
69682733, 
69682788, 
69687307, 
69687501, 
69688136, 
69689467, 
69689870, 
69692242, 
69693305, 
69694644, 
69695048, 
69695184, 
69695759, 
69699380, 
69699978, 
69701037, 
69701558, 
69701675, 
69702593, 
69702932, 
69703320, 
69703459, 
69707899, 
69708089, 
69708370, 
69709786, 
69713920, 
69713957, 
69715944, 
69716704, 
69718622, 
69720124, 
69720517, 
69721326, 
69721387, 
69722837, 
69723987, 
69725043, 
69727491, 
69727633, 
69728495, 
69728561, 
69730963, 
69731195, 
69731284, 
69733321, 
69733975, 
69737086, 
69737373, 
69738333, 
69739870, 
69741699, 
69742107, 
69742586, 
69744140, 
69744808, 
69747075, 
69750238, 
69750893, 
69751034, 
69751234, 
69752270, 
69753067, 
69753563, 
69754321, 
69754726, 
69755576, 
69756875, 
69762668, 
69762851, 
69763965, 
69765268, 
69773287, 
69776582, 
69776739, 
69776864, 
69777188, 
69777193, 
69777438, 
69778400, 
69778459, 
69778774, 
69778790, 
69779905, 
69780139, 
69781427, 
69781470, 
69785134, 
69787807, 
69788040, 
69788855, 
69791124, 
69791982, 
69793542, 
69804042, 
69808441, 
69808973, 
69809639, 
69810593, 
69810724, 
69811064, 
69813106, 
69813269, 
69813381, 
69813512, 
69814884, 
69814951, 
69814952, 
69815649, 
69815718, 
69815750, 
69816847, 
69817642, 
69817658, 
69819004, 
69821171, 
69822572, 
69825379, 
69826473, 
69833445, 
69835956, 
69836633, 
69837111, 
69837435, 
69837546, 
69837678, 
69838052, 
69839968, 
69840025, 
69840496, 
69841113, 
69841229, 
69841706, 
69841745, 
69841957, 
69842444, 
69842550, 
69842681, 
69843105, 
69843403, 
69843600, 
69844818, 
69845554, 
69846164, 
69846550, 
69847268, 
69854725, 
69858032, 
69859924, 
69861649, 
69862148, 
69864080, 
69865583, 
69867032, 
69867424, 
69870245, 
69870481, 
69871633, 
69872537, 
69873237, 
69875492, 
69878774, 
69879723, 
69879858, 
69880399, 
69882862, 
69884137, 
69885507, 
69886736, 
69886825, 
69888731, 
69889162, 
69890117, 
69890837, 
69891704, 
69893112, 
69895710, 
69897387, 
69897941, 
69898236, 
69898379, 
69898589, 
69899094, 
69899920, 
69900389, 
69900906, 
69900987, 
69901442, 
69902621, 
69903521, 
69903630, 
69904343, 
69905296, 
69907393, 
69907491, 
69909150, 
69909538, 
69911606, 
69915223, 
69915777, 
69919393, 
69921520, 
69922636, 
69924551, 
69925096, 
69925813, 
69926334, 
69926983, 
69927376, 
69927662, 
69928022, 
69928563, 
69932180, 
69934101, 
69934649, 
69934954, 
69952866, 
69954865, 
69955007, 
69956795, 
69958868, 
69959391, 
69959668, 
69960091, 
69960438, 
69960751, 
69961032, 
69961142, 
69961313, 
69962081, 
69963780, 
69964226, 
69964307, 
69965000, 
69965217, 
69965221, 
69967440, 
69968050, 
69968185, 
69968583, 
69968593, 
69968823, 
69968907, 
69968993, 
69969684, 
69970636, 
69971214, 
69971276, 
69971868, 
69972701, 
69972741, 
69973068, 
69973288, 
69973311, 
69973314, 
69974003, 
69975756, 
69976294, 
69979199, 
69980655, 
69981122, 
69981260, 
69981846, 
69984163, 
69986171, 
69988015, 
69988575, 
69989314, 
69989543, 
69991218, 
69991322, 
69991337, 
69991561, 
69991589, 
69992694, 
69992766, 
69994472, 
69995946, 
69996250, 
69996448, 
69996508, 
69997330, 
69999594, 
69999606, 
69999627, 
70000641, 
70003168, 
70004474, 
70009131, 
70011728, 
70011748, 
70014292, 
70015743, 
70016598, 
70016733, 
70017622, 
70018343, 
70018860, 
70018933, 
70020241, 
70020831, 
70021757, 
70024005, 
70024316, 
70024908, 
70025904, 
70026818, 
70030142, 
70034681, 
70038035, 
70038484, 
70038633, 
70038923, 
70039760, 
70040393, 
70042060, 
70042217, 
70042957, 
70043037, 
70044517, 
70046088, 
70046090, 
70046145, 
70047607, 
70047945, 
70048184, 
70049081, 
70049165, 
70049767, 
70052773, 
70054354, 
70056014, 
70056617, 
70057635, 
70058020, 
70063724, 
70064505, 
70072525, 
70072542, 
70072986, 
70073461, 
70076576, 
70077519, 
70077741, 
70078948, 
70078962, 
70078974, 
70079042, 
70079059, 
70079369, 
70079490, 
70079495, 
70080663, 
70081453, 
70081646, 
70081844, 
70082223, 
70082968, 
70083402, 
70084738, 
70084833, 
70084841, 
70086030, 
70086156, 
70086183, 
70086481, 
70086741, 
70087648, 
70087908, 
70087993, 
70088189, 
70088675, 
70089348, 
70089357, 
70090030, 
70090369, 
70090712, 
70091277, 
70091345, 
70091718, 
70092092, 
70092356, 
70093336, 
70093888, 
70093932, 
70094158, 
70095681, 
70097216, 
70097434, 
70098159, 
70101091, 
70102549, 
70102554, 
70103209, 
70104862, 
70105883, 
70107420, 
70108780, 
70110517, 
70111266, 
70111488, 
70115337, 
70115450, 
70116202, 
70116281, 
70116534, 
70118575, 
70119101, 
70119341, 
70119842, 
70122317, 
70123978, 
70124126, 
70124286, 
70124615, 
70124985, 
70125301, 
70125855, 
70126719, 
70126869, 
70129024, 
70129300, 
70129806, 
70133283, 
70135864, 
70137720, 
70137863, 
70138691, 
70139685, 
70139741, 
70139917, 
70140526, 
70141428, 
70141835, 
70146980, 
70147199, 
70150208, 
70151707, 
70152720, 
70153657, 
70158616, 
70159575, 
70160624, 
70161062, 
70161578, 
70162511, 
70162808, 
70166227, 
70167010, 
70167779, 
70170684, 
70171994, 
70172714, 
70173880, 
70176829, 
70176987, 
70182261, 
70182668, 
70183605, 
70184214, 
70184421, 
70184431, 
70184536, 
70185698, 
70186240, 
70187401, 
70187717, 
70187794, 
70188526, 
70189426, 
70189750, 
70190284, 
70190641, 
70190889, 
70193386, 
70195165, 
70196572, 
70198810, 
70198914, 
70200721, 
70200988, 
70201051, 
70201214, 
70201888, 
70202882, 
70202968, 
70203141, 
70203167, 
70203715, 
70204459, 
70204823, 
70206852, 
70207726, 
70210220, 
70210904, 
70212803, 
70212932, 
70214295, 
70214976, 
70218004, 
70218150, 
70218444, 
70218487, 
70220051, 
70220659, 
70223392, 
70223496, 
70227415, 
70227781, 
70227872, 
70227929, 
70230570, 
70233336, 
70235231, 
70235316, 
70235583, 
70236466, 
70236534, 
70236628, 
70237467, 
70238716, 
70238823, 
70240391, 
70241064, 
70243444, 
70246510, 
70247916, 
70248076, 
70249283, 
70251630, 
70251789, 
70251835, 
70255802, 
70258529, 
70261753, 
70263236, 
70263542, 
70265172, 
70265420, 
70266026, 
70266420, 
70267471, 
70267603, 
70268746, 
70271313, 
70272873, 
70273340, 
70276603, 
70282353, 
70283961, 
70285803, 
70285876, 
70290210, 
70291647, 
70292056, 
70293837, 
70294098, 
70296153, 
70298969, 
70316183, 
70316385, 
70316820, 
70318371, 
70318466, 
70321031, 
70321228, 
70321363, 
70322132, 
70322469, 
70324228, 
70325398, 
70325856, 
70325865, 
70325998, 
70326875, 
70328958, 
70329105, 
70329396, 
70329723, 
70329890, 
70329948, 
70330122, 
70331482, 
70334361, 
70335206, 
70336325, 
70336575, 
70342212, 
70343240, 
70343721, 
70345946, 
70347116, 
70349409, 
70349612, 
70352537, 
70352699, 
70354522, 
70359477, 
70359593, 
70361215, 
70361882, 
70364087, 
70365140, 
70366347, 
70367946, 
70368748, 
70369532, 
70370328, 
70371242, 
70375172, 
70376050, 
70376108, 
70376950, 
70377244, 
70377381, 
70377830, 
70379478, 
70379814, 
70381107, 
70381484, 
70383879, 
70383914, 
70387580, 
70388362, 
70389414, 
70391342, 
70393315, 
70393947, 
70394585, 
70395201, 
70395907, 
70396054, 
70398760, 
70398823, 
70399635, 
70400011, 
70402827, 
70405588, 
70405676, 
70409059, 
70409426, 
70410062, 
70410704, 
70412217, 
70412874, 
70413134, 
70414555, 
70414676, 
70414938, 
70415725, 
70416711, 
70421028, 
70421993, 
70423183, 
70424687, 
70425724, 
70427844, 
70431839, 
70434734, 
70436094, 
70439454, 
70439771, 
70439777, 
70440356, 
70441331, 
70441343, 
70441485, 
70441542, 
70443622, 
70443652, 
70444078, 
70444246, 
70444248, 
70445619, 
70445959, 
70446279, 
70447006, 
70447365, 
70448371, 
70448592, 
70448721, 
70449649, 
70451058, 
70451138, 
70452447, 
70452519, 
70453855, 
70454292, 
70454622, 
70454680, 
70454776, 
70454827, 
70455551, 
70456046, 
70456197, 
70456940, 
70458656, 
70459609, 
70461309, 
70466345, 
70466817, 
70467953, 
70467960, 
70469048, 
70471069, 
70477540, 
70478687, 
70479569, 
70480273, 
70481288, 
70482742, 
70483048, 
70483825, 
70484016, 
70486306, 
70486344, 
70486530, 
70486770, 
70486818, 
70486844, 
70486918, 
70487240, 
70487456, 
70487730, 
70488492, 
70489898, 
70496311, 
70499262, 
70499565, 
70506807, 
70507122, 
70507840, 
70508235, 
70508268, 
70508532, 
70508676, 
70508736, 
70509022, 
70509562, 
70509619, 
70509926, 
70511638, 
70511989, 
70514995, 
70515042, 
70515078, 
70515506, 
70515772, 
70515855, 
70515939, 
70516058, 
70517365, 
70518038, 
70522669, 
70524160, 
70525881, 
70526837, 
70527383, 
70529647, 
70530517, 
70531393, 
70531636, 
70532230, 
70533087, 
70533997, 
70535064, 
70535527, 
70537564, 
70538270, 
70538363, 
70543181, 
70544235, 
70546908, 
70549096, 
70549562, 
70551576, 
70551788, 
70553037, 
70553497, 
70554322, 
70554747, 
70554876, 
70556399, 
70556720, 
70556796, 
70557826, 
70558262, 
70558439, 
70558517, 
70558536, 
70558943, 
70559656, 
70559904, 
70560927, 
70560983, 
70561716, 
70571802, 
70572442, 
70572912, 
70573476, 
70575117, 
70575218, 
70575999, 
70577074, 
70577107, 
70578810, 
70578969, 
70579484, 
70581210, 
70582342, 
70582893, 
70583381, 
70585290, 
70585807, 
70588865, 
70589729, 
70592748, 
70592984, 
70593890, 
70593992, 
70595989, 
70596949, 
70597737, 
70598718, 
70599302, 
70599798, 
70600712, 
70604900, 
70606116, 
70606392, 
70607515, 
70608872, 
70610689, 
70612444, 
70613114, 
70624260, 
70628930, 
70633592, 
70634146, 
70634755, 
70634846, 
70635349, 
70635520, 
70635601, 
70635748, 
70635852, 
70635983, 
70637583, 
70637911, 
70638944, 
70640225, 
70640482, 
70641041, 
70642600, 
70643189, 
70643250, 
70643598, 
70644264, 
70644749, 
70644887, 
70645867, 
70646446, 
70647107, 
70647563, 
70647567, 
70648711, 
70648821, 
70649679, 
70649945, 
70651249, 
70652870, 
70654737, 
70655092, 
70655808, 
70663513, 
70664555, 
70666773, 
70666822, 
70667497, 
70667653, 
70668154, 
70668969, 
70669887, 
70671659, 
70672397, 
70672675, 
70673150, 
70674225, 
70674492, 
70675381, 
70676017, 
70677596, 
70678650, 
70679338, 
70679415, 
70679542, 
70680251, 
70680522, 
70682186, 
70683179, 
70683404, 
70684264, 
70684477, 
70684607, 
70684737, 
70687393, 
70688620, 
70689816, 
70690412, 
70692020, 
70695295, 
70695870, 
70700512, 
70700771, 
70701043, 
70701773, 
70701960, 
70702625, 
70702999, 
70704036, 
70704898, 
70705185, 
70705593, 
70705687, 
70708384, 
70709107, 
70711441, 
70712233, 
70713649, 
70713792, 
70717805, 
70718372, 
70718464, 
70720146, 
70721364, 
70721581, 
70722114, 
70724754, 
70725369, 
70726794, 
70727663, 
70732591, 
70733316, 
70735333, 
70736638, 
70737681, 
70737818, 
70741709, 
70742160, 
70742341, 
70743106, 
70743203, 
70747914, 
70749508, 
70749930, 
70750292, 
70753024, 
70755289, 
70759003, 
70759007, 
70760831, 
70761139, 
70761148, 
70761212, 
70762354, 
70763543, 
70763823, 
70763884, 
70764011, 
70764375, 
70764455, 
70765105, 
70765301, 
70768172, 
70768443, 
70768797, 
70768921, 
70769691, 
70770821, 
70770918, 
70771027, 
70771584, 
70775038, 
70777273, 
70777897, 
70778157, 
70778246, 
70779549, 
70779562, 
70779810, 
70784028, 
70784447, 
70785017, 
70785166, 
70786842, 
70787242, 
70787251, 
70787422, 
70789545, 
70790243, 
70790275, 
70790641, 
70791601, 
70792207, 
70792477, 
70793144, 
70795118, 
70797342, 
70798398, 
70798997, 
70799118, 
70799158, 
70799626, 
70800313, 
70802244, 
70802415, 
70803734, 
70803821, 
70803865, 
70805867, 
70807234, 
70808028, 
70808359, 
70809285, 
70810176, 
70810609, 
70810741, 
70813747, 
70815217, 
70815992, 
70817290, 
70817463, 
70818583, 
70819362, 
70821009, 
70821383, 
70822233, 
70823970, 
70824518, 
70824921, 
70825470, 
70825584, 
70825596, 
70826529, 
70827521, 
70828352, 
70828842, 
70829592, 
70831212, 
70833182, 
70834540, 
70834575, 
70835000, 
70836441, 
70836775, 
70836904, 
70837503, 
70837842, 
70839284, 
70841547, 
70841645, 
70842698, 
70845095, 
70847367, 
70848496, 
70849796, 
70850303, 
70852289, 
70853142, 
70853692, 
70856423, 
70857304, 
70859611, 
70863981, 
70865005, 
70867168, 
70867739, 
70868946, 
70869802, 
70870021, 
70873906, 
70889866